1.028709454765775778e-02 1.129942950904287181e-02 1.293207299340884840e-14
9.799949405439817296e-02 1.290620274396562552e-02 2.467793789664406028e-14
1.067767408140082863e-01 3.245677147193308520e-02 4.618527782440651208e-14
1.103058610652827842e-01 3.460519607999317654e-02 4.782987168225453371e-14
1.276220014006911874e-01 1.037593617150916053e-01 4.935587579328812057e-14
1.466749477509593502e-01 1.224885869791676601e-01 6.029155041345695694e-14
1.531132070710200244e-01 1.270924757055739707e-01 6.217248937900876626e-14
1.669840727055817986e-01 1.295717645034188126e-01 6.550880341146756133e-14
1.699414077581667126e-01 1.308736579843519654e-01 7.469152777740589191e-14
1.740037588002630031e-01 1.458219427247050837e-01 7.685694801574505211e-14
1.772394835865757634e-01 1.506289414527238468e-01 7.738883635536796038e-14
1.786494644415114741e-01 1.924886654328356317e-01 1.029980652896556427e-13
1.818058738891085158e-01 1.979400041691004031e-01 1.283901767095063346e-13
1.843388433079862776e-01 2.006766139392196224e-01 1.406802842980662455e-13
1.873983167063563438e-01 2.212735543536430705e-01 1.414854562521830250e-13
1.928852993526212756e-01 2.389681249595141110e-01 1.439287579711009908e-13
1.937900140420243389e-01 2.391553854164676640e-01 1.532719079201460688e-13
1.973202318205787287e-01 2.424530296455791323e-01 1.637720085286689160e-13
1.986431895558366523e-01 2.452309485053616178e-01 1.662768685241155834e-13
2.001754006508640604e-01 2.624887554848425175e-01 1.764325687621792854e-13
2.072078653254600666e-01 2.625194939686468221e-01 1.776356839400250465e-13
2.077354385073303111e-01 2.638365760965608597e-01 1.801492093815358000e-13
2.088441110665206768e-01 2.707737465868279569e-01 1.804642169826036479e-13
2.104936805012084522e-01 2.709694789154733496e-01 1.932395399744623128e-13
2.146991242950127832e-01 2.873437793932884787e-01 1.943061577096248997e-13
2.185853014547850248e-01 2.892165417950135486e-01 2.111176002728980529e-13
2.208526155687635661e-01 2.906275600402632442e-01 2.132812116400889746e-13
2.238582158125569377e-01 2.929035622870139743e-01 2.168974618195433395e-13
2.291769419158276866e-01 2.940082672734359859e-01 2.237081487725044670e-13
2.362569749145656539e-01 2.940082672734359859e-01 2.348287306071588838e-13
2.388242569130672177e-01 2.942040910680145949e-01 2.542114972925207673e-13
2.547590459484738168e-01 3.162366624515045022e-01 2.589889284296380658e-13
2.571719187608942914e-01 3.176353271694084546e-01 2.636678475948808835e-13
2.675731407870788892e-01 3.393665997991810457e-01 2.648916755913604801e-13
2.693589945461362101e-01 3.407724669355270963e-01 2.721074871517580247e-13
2.737726065476630000e-01 3.408699108858781468e-01 2.731491614773937001e-13
2.759475082578374261e-01 3.409682338159342740e-01 2.751977513440798828e-13
2.956642382310407102e-01 3.556349648686867870e-01 2.765930776218626421e-13
2.961594088584058593e-01 3.558222092818618676e-01 2.781856480880731016e-13
2.985870161549816770e-01 3.606268805350686391e-01 2.842726000353190024e-13
3.140498116050972621e-01 3.642028480766690834e-01 2.936366750606207652e-13
3.272589198063269866e-01 3.846084351095167553e-01 3.154171554035276687e-13
3.309499974543134160e-01 4.038396452066609355e-01 3.187261393904506967e-13
3.312401941035627573e-01 4.085384980694364288e-01 3.190526777974436160e-13
3.384824872255037809e-01 4.304229338092114832e-01 3.239843083371598130e-13
3.555049249036967840e-01 4.361787497641261835e-01 3.402639230619042128e-13
3.614505457336932848e-01 4.491864400107786759e-01 3.483833857027111259e-13
3.636867352163111189e-01 4.506806676238550580e-01 3.511305292890414263e-13
3.685456178294142515e-01 5.485469871849248946e-01 3.538162160943627848e-13
3.720175437853729394e-01 5.812778589278840835e-01 3.584017283983822893e-13
3.794678134914510337e-01 5.814333923778661761e-01 3.595093471822542054e-13
3.852671535133790348e-01 5.939580151429846300e-01 3.619237151529843690e-13
3.857402366878578404e-01 6.046116823279804597e-01 3.655153661725188871e-13
3.860423405135824382e-01 6.046852210344449974e-01 3.680318157801682948e-13
3.928365663304502209e-01 6.046852210344449974e-01 3.726329246550853450e-13
3.953364059698458166e-01 6.406242091476397338e-01 3.862708267699000911e-13
4.028698712696242024e-01 6.513528207455623331e-01 3.972253242963076403e-13
4.045651969059548270e-01 6.747686042468122869e-01 4.233099719387239816e-13
4.291886641904751887e-01 7.056355056453669228e-01 4.240696202764631298e-13
4.329531121019754569e-01 7.071796071905438463e-01 4.241923767359719940e-13
4.365568212250400260e-01 7.113055439799885749e-01 4.263848492393406520e-13
4.427340630926861476e-01 7.120686848493298360e-01 4.286323655838108227e-13
4.518399102554201963e-01 7.212807013127497946e-01 4.321953216145137283e-13
4.544291145548926547e-01 7.445325245000732339e-01 4.331397648834402813e-13
4.566916646896711507e-01 7.581393136908434194e-01 4.387277753618146439e-13
4.595833623729891348e-01 7.593626311750879543e-01 4.414523734513143898e-13
4.612541565798251031e-01 7.595658223457658620e-01 4.668980858268476450e-13
4.642508115068038621e-01 7.595658223457658620e-01 4.707446171837176693e-13
4.659103850285389314e-01 7.804196331770918427e-01 4.798268316321875077e-13
4.676394021682533375e-01 7.913556533711805230e-01 4.869291875347248863e-13
4.684602795763219141e-01 8.258735713400766620e-01 4.869291875347248863e-13
4.695377247851082458e-01 8.281126201352068117e-01 4.939070670550531934e-13
4.781852204290044095e-01 8.295651634815608411e-01 4.988906959289489352e-13
4.834492358094449882e-01 8.379497373843537433e-01 4.997627726470179729e-13
4.879006542827302728e-01 8.456664749203430809e-01 5.081902037143719365e-13
4.899933515068466416e-01 8.458537260581971973e-01 5.089750587085171884e-13
4.974835669616599065e-01 8.526950619172198875e-01 5.123796534383002969e-13
5.092222745386556504e-01 8.614390468321978522e-01 5.322553224562153691e-13
5.119317172141500949e-01 8.923024225458821013e-01 5.394073607563185289e-13
5.173171915134473497e-01 8.972884418142337282e-01 5.401556205437867864e-13
5.177515854859585653e-01 8.981406343356255206e-01 5.470746493827245143e-13
5.267277263101681761e-01 9.624898204017451331e-01 5.661759501765935706e-13
5.346607782585841573e-01 9.856359489185949618e-01 5.737852569317016457e-13
5.362380850297419066e-01 1.008969315768347919e+00 5.819541291080112812e-13
5.409319430748444901e-01 1.008987569711599308e+00 5.849421967912220990e-13
5.487510925751325486e-01 1.012341046512960530e+00 5.992723499211816365e-13
5.541968526243542525e-01 1.014801219492424966e+00 6.004637918645183493e-13
5.544673590293008880e-01 1.032320796017939912e+00 6.079449903684941250e-13
5.760640188873620282e-01 1.032321315664226358e+00 6.331460088197280555e-13
5.819946123919238490e-01 1.032328994851074322e+00 6.415599904543113405e-13
5.925307554801525489e-01 1.032520667324164476e+00 6.528733684232026190e-13
5.994136627583741550e-01 1.055654576882684381e+00 6.540467726363371362e-13
6.024621701136724239e-01 1.078995947178820636e+00 6.594687384920864129e-13
6.122058015884948023e-01 1.102302789501615088e+00 6.618353735458991719e-13
6.185071815530195360e-01 1.103854939104494948e+00 6.637325894081776574e-13
6.185293459240689407e-01 1.107948675784766523e+00 6.757841369897100785e-13
6.260889104280528139e-01 1.131309511927100164e+00 6.921731190484851262e-13
6.282944398532892549e-01 1.148986996350521261e+00 6.998936117054073196e-13
6.420143692274298264e-01 1.150695967508578166e+00 7.073670626304606448e-13
6.440034265649158263e-01 1.201469669798992168e+00 7.139319351880822663e-13
6.516326409145660747e-01 1.218995387487157744e+00 7.942917584613076721e-13
6.685820324025419925e-01 1.243858029835246182e+00 7.951176404192301387e-13
6.708661867077774232e-01 1.245866043188753380e+00 8.339820371919784291e-13
6.852258870872682817e-01 1.247977336922301506e+00 8.635816826321875045e-13
6.859203744892444776e-01 1.265653727641026682e+00 8.819392567223196765e-13
6.880062363544304782e-01 1.265661356839393070e+00 9.592803905609630245e-13
6.881543643309401270e-01 1.265661874869713488e+00 9.660049963076179965e-13
6.928694377554096562e-01 1.281210084619054834e+00 1.022555305424770970e-12
6.959542302697359073e-01 1.288986388762755508e+00 1.033406182994855666e-12
7.032836099384599526e-01 1.294644425301940904e+00 1.035032386909636439e-12
7.207836323253624666e-01 1.315963127196506210e+00 1.067594893973271815e-12
7.236908800556999255e-01 1.328115216387448116e+00 1.124456329123698045e-12
7.240106623191152613e-01 1.341284241679193245e+00 1.254686494979748953e-12
7.283195661324615156e-01 1.364617771946849523e+00 1.292090510821682337e-12
7.290553734631759486e-01 1.364645114499899003e+00 1.313237196311493369e-12
7.313354572669837905e-01 1.374782848550504699e+00 1.327902482949114448e-12
7.421819184745922504e-01 1.385863564292097783e+00 1.415893465817080203e-12
7.438358273391344477e-01 1.388145293285391491e+00 4.466739869619571184e-05
7.445300827737727500e-01 1.388145293285391491e+00 4.469420405304069566e-05
7.554920891171511554e-01 1.388145293285391491e+00 4.477974779173629470e-05
7.591247208945107738e-01 1.403350468725000466e+00 4.485808224661582533e-05
7.707242287068042375e-01 1.405652618679643640e+00 4.505745168158210954e-05
7.748009195277006933e-01 1.405660802538728937e+00 4.534731130047464702e-05
7.890603093787273981e-01 1.426552676180620649e+00 4.547828735787070095e-05
7.999753292571240015e-01 1.426683615883894252e+00 4.547887515012377684e-05
8.011926850099723163e-01 1.426683615883894252e+00 4.551453855983501185e-05
8.091768751341839039e-01 1.450016347201047440e+00 4.551453856914014311e-05
8.091955847701274296e-01 1.450016347201047440e+00 4.551804274322346420e-05
8.104093503907797702e-01 1.453862649057826140e+00 4.554137414246924048e-05
8.202706462537037169e-01 1.473219058206597820e+00 4.562066414840167328e-05
8.246906249524487142e-01 1.514548164949340858e+00 4.565555948323433429e-05
8.248700285170811330e-01 1.520016237347860510e+00 4.578713138165028344e-05
8.269871866439778563e-01 1.522334163885778802e+00 4.603120917139164026e-05
8.327659622559019370e-01 1.543348975352917485e+00 4.607998842055364025e-05
8.413054056046310736e-01 1.568993465179002511e+00 4.608257622303106550e-05
8.484772955622293944e-01 1.592319070547866033e+00 4.608257702710367396e-05
8.670166809650874384e-01 1.613348860166777587e+00 4.611966560963810888e-05
8.741105872664867160e-01 1.620411704106414330e+00 4.631146002666693086e-05
8.847862729658999559e-01 1.636551513868092389e+00 4.649067602426071050e-05
8.874748804002974278e-01 1.683348316969454972e+00 4.650830556274541055e-05
8.996976225251384074e-01 1.688995687484881936e+00 4.652406955302583176e-05
9.001084752408844425e-01 1.688995687484881936e+00 4.661334833720489479e-05
9.106534655748892426e-01 1.709188394630039909e+00 4.677165618072298800e-05
9.199659980834615780e-01 1.732326156569537368e+00 4.679717610566446075e-05
9.268917071430889942e-01 1.753216920234621945e+00 4.708874561845394907e-05
9.325180560248240713e-01 1.753347329034293134e+00 4.708874569607093228e-05
9.338398373652093687e-01 1.759288524176068069e+00 4.708874569712250674e-05
9.361490688747002853e-01 1.779001255371611467e+00 4.708874672047762023e-05
9.456575882988783599e-01 1.784313244928485531e+00 4.755981098068270382e-05
9.472080488502521156e-01 1.807646336415774879e+00 4.803766458816133257e-05
9.525201472957585125e-01 1.807820033104713175e+00 4.818728785029211627e-05
9.569016972261554788e-01 1.850711288836723423e+00 4.819954449996346574e-05
9.620683420455302670e-01 1.850711288836723423e+00 4.834688689881709041e-05
9.626867608533939968e-01 1.850711288836723423e+00 4.849738304036248302e-05
9.648149617336642114e-01 1.854453746845208473e+00 4.849738332826732161e-05
9.662817921904524043e-01 1.864637221369259690e+00 4.968835930710652460e-05
9.707461986541000565e-01 1.877613154022533815e+00 4.984231250604532126e-05
9.708936109098652567e-01 1.924453122621331058e+00 4.999698217022945145e-05
9.710681006557393413e-01 1.924485829040255114e+00 4.999698221703157932e-05
9.771321580694681819e-01 1.943873351865615273e+00 5.074121334870383037e-05
9.774445784387061353e-01 1.943873351865615273e+00 5.199998515450201050e-05
9.830483473513831338e-01 1.970408392076978155e+00 5.239217877600677763e-05
9.921525964079421778e-01 2.015656463614046157e+00 5.252206144407898765e-05
9.927430587464409761e-01 2.017277830954259166e+00 5.271211254240928344e-05
9.952639246035744902e-01 2.035855632550032546e+00 5.281326604638970245e-05
1.001528763463231497e+00 2.088581823658975711e+00 5.412331248034671621e-05
1.005679986753202027e+00 2.102071026960429467e+00 5.445844014103455306e-05
1.015467939703741829e+00 2.102364085881242239e+00 5.496699917623914481e-05
1.016143490416958839e+00 2.102379962519957957e+00 5.513810239171664635e-05
1.025170700466766283e+00 2.110944601932215114e+00 5.584122399016082692e-05
1.026132950699811586e+00 2.110977355445253778e+00 5.586784017938623345e-05
1.030253188670980924e+00 2.125404543796893364e+00 5.616072431681641580e-05
1.031714421514073665e+00 2.149031234542623903e+00 5.621672443151026809e-05
1.032136016310132742e+00 2.172380786429948252e+00 5.673604513395122346e-05
1.032645235353550017e+00 2.195405354012446075e+00 5.739792053538922715e-05
1.033239237797822119e+00 2.203739594571825666e+00 5.761079060165620998e-05
1.045086656928997382e+00 2.227072674042112954e+00 5.779650899372006990e-05
1.054585543755413024e+00 2.242381549373337890e+00 5.813501670790574804e-05
1.058365012368089886e+00 2.265406104727348158e+00 5.815661079497400299e-05
1.062542970573800316e+00 2.265715077681309531e+00 5.833792439844015293e-05
1.063093132066184054e+00 2.266546864241985038e+00 5.862377525206723133e-05
1.069765326978301623e+00 2.288755637161421497e+00 5.970603792456461914e-05
1.077346133422428132e+00 2.289048647269037229e+00 5.971882275730971013e-05
1.086831746921591346e+00 2.290010327644881105e+00 6.007345849689032846e-05
1.096811043811987574e+00 2.292324411038789922e+00 6.022171586058082670e-05
1.098619140539929484e+00 2.297816181032056537e+00 6.063098169676615559e-05
1.114447748844457964e+00 2.320943008196483692e+00 6.157758695884631053e-05
1.117953964551485546e+00 2.377454794083916578e+00 6.176956643368321286e-05
1.125501573860630433e+00 2.385825331773663294e+00 6.262386829694739068e-05
1.125978574064497639e+00 2.390607646804358666e+00 6.321949784649683491e-05
1.133148880047823992e+00 2.400787991068320526e+00 6.358731872054646872e-05
1.139831057628849953e+00 2.401073883127366138e+00 6.439564881952860350e-05
1.145719776884454921e+00 2.424121036705499055e+00 6.499607075861927273e-05
1.160807314487812825e+00 2.424121036705499055e+00 6.519245259469847635e-05
1.166599197934543808e+00 2.424121036705499055e+00 6.540102952961335280e-05
1.175164450642320446e+00 2.424406930821853656e+00 6.540103034775004889e-05
1.179170002387802452e+00 2.429878840624516645e+00 6.558138259252644774e-05
1.179645916540615902e+00 2.432323828626835827e+00 6.645566707515551674e-05
1.184901204638480809e+00 2.437273846429702129e+00 6.771799190305878265e-05
1.190182316702347309e+00 2.447740026282834158e+00 6.919581531668192930e-05
1.191529114438333536e+00 2.453342015088656236e+00 6.965802467777633194e-05
1.192804985072683843e+00 2.460941956531183195e+00 6.986155400279897250e-05
1.194693560952855504e+00 2.471073168157202460e+00 7.006597662189205475e-05
1.202362066356206016e+00 2.484307726063158306e+00 7.221947581942615832e-05
1.204876306287142596e+00 2.494120359525147546e+00 7.272543223007706668e-05
1.209876204534104938e+00 2.512717515630138010e+00 7.293546916471263281e-05
1.212340053351629754e+00 2.517453494660491398e+00 7.379553532962280116e-05
1.212885809011926108e+00 2.546674662006602752e+00 7.379553532962280116e-05
1.220768797061594135e+00 2.568758509266813927e+00 7.379553545236286255e-05
1.220864344822496061e+00 2.583846615487642051e+00 7.756516001408624386e-05
1.224020151511590715e+00 2.600605740043831826e+00 7.830884204648994506e-05
1.229494902325239503e+00 2.607180192011933961e+00 8.164369093777387753e-05
1.230237133691395313e+00 2.607374692339956557e+00 8.168800888799669700e-05
1.231385098708775772e+00 2.625392884416803962e+00 8.367518209323378947e-05
1.241372854985154817e+00 2.630513894237838990e+00 8.445657935410934335e-05
1.248344994699754906e+00 2.634652963185033503e+00 8.847729634908595023e-04
1.251345673065502595e+00 2.639036344011238988e+00 1.104855576351940205e-03
1.252115843102765913e+00 2.642314753973061592e+00 1.428043369781198868e-03
1.252958420790465155e+00 2.654041943297012818e+00 1.822080808902624364e-03
1.265998125999955981e+00 2.677181039256696593e+00 2.760851402422859289e-03
1.269416404811408272e+00 2.686543671543212941e+00 2.819807290058509459e-03
1.271202419444591225e+00 2.704118402772363261e+00 3.017575171073281614e-03
1.277436139326492137e+00 2.704809997711163039e+00 3.036202022975686889e-03
1.299947889824142111e+00 2.709053110187154889e+00 3.125147505585835778e-03
1.322222124339259564e+00 2.747181922335013127e+00 3.442716030540319151e-03
1.326812005364722324e+00 2.755427120490216986e+00 3.721037481458543995e-03
1.334222373005931050e+00 2.782336162257520673e+00 3.774958602716776360e-03
1.351848549974280944e+00 2.789062072582906726e+00 3.827570647661098988e-03
1.354682584443463345e+00 2.789062072582906726e+00 3.829193268593225185e-03
1.361044636657984030e+00 2.789062072582906726e+00 4.394685753601319973e-03
1.364398968110802857e+00 2.789062072582906726e+00 4.585504668344705763e-03
1.371804555765749667e+00 2.789193970389217458e+00 5.051373207205585650e-03
1.372520074402245660e+00 2.789193970389217458e+00 5.172059964924400483e-03
1.391204284712043160e+00 2.803209005434559753e+00 5.244629510767350074e-03
1.393934533600130310e+00 2.821069842913101144e+00 5.309490971855758239e-03
1.397684928382323166e+00 2.834272247773581554e+00 5.434248167387806770e-03
1.405285695375764643e+00 2.835861162992046491e+00 5.814546189697954691e-03
1.420799519349996265e+00 2.844575196314091503e+00 7.046299340150359927e-03
1.432337904675061502e+00 2.844657334003586335e+00 7.072971327267249704e-03
1.439904648087541483e+00 2.882396636988879823e+00 7.322967187037198768e-03
1.448310176516454328e+00 2.895428599517236190e+00 9.071897051060694508e-03
1.476609163707502725e+00 2.897108241035933673e+00 9.071897051075895890e-03
1.477672664151425286e+00 2.920410278708093887e+00 9.230700880757768470e-03
1.493795197892421989e+00 2.920410278708093887e+00 9.313708909863469693e-03
1.498478912958666642e+00 2.920441464535510789e+00 1.045402784743436342e-02
1.509947535127591944e+00 2.929195596724819328e+00 1.122021377830449175e-02
1.529024180219223483e+00 2.938147940092719956e+00 1.280049514324023419e-02
1.540859664161104536e+00 2.938147940092719956e+00 1.389825442261623419e-02
1.546356345415320410e+00 2.952529282000735389e+00 1.839741056569466418e-02
1.547696906705849695e+00 2.957378896134672530e+00 2.039444330544536166e-02
1.548186314723472234e+00 2.961068585798006136e+00 2.238831995063117475e-02
1.554111853375268915e+00 2.961244270315943172e+00 2.243136281633720253e-02
1.567579253534005401e+00 2.961399817293952186e+00 2.512592444479834833e-02
1.573142997508408802e+00 2.967108021455627576e+00 2.658701620764072904e-02
1.579489316497831197e+00 2.968987706355195044e+00 3.217793421399751247e-02
1.587701352183393366e+00 2.972404399133352193e+00 3.632390031042643380e-02
1.606131386737592814e+00 2.975256926397478630e+00 4.013108533720780025e-02
1.614212173952173091e+00 2.976816241645331651e+00 4.362327477108583762e-02
1.633578326217688170e+00 2.990441353160823379e+00 4.743697425952976554e-02
1.636662666616323314e+00 3.000150041007064061e+00 5.708607527953319521e-02
1.636964620181086572e+00 3.003851643278046435e+00 6.080897012285950420e-02
1.652489910470052559e+00 3.004046095828393881e+00 6.484640628410623386e-02
1.660577698113939071e+00 3.013774561044233469e+00 7.407414114991056620e-02
1.671044687172398735e+00 3.013774561044233469e+00 9.917829694316079858e-02
1.676741673831222412e+00 3.015654252458914719e+00 1.148312071191664313e-01
1.679050626444762884e+00 3.045731706571996877e+00 1.160246640301421384e-01
1.680976692305899745e+00 3.058747776094601800e+00 1.496766875556872489e-01
1.681787783467523445e+00 3.060004170982161043e+00 1.538613854393616753e-01
1.698753415989195492e+00 3.070151288408410117e+00 1.666640431396582411e-01
1.716493408323810588e+00 3.074046885086332725e+00 1.715778773219854003e-01
1.721078716944885789e+00 3.077734133307278963e+00 1.900951538065175639e-01
1.722949083139377224e+00 3.078068921502970845e+00 1.908961598477460220e-01
1.737927553003615788e+00 3.083743008040104261e+00 2.027354091752796017e-01
1.739826398607944746e+00 3.093313783660585958e+00 2.036985032864738476e-01
1.741745007348601382e+00 3.096480426614976800e+00 2.130394976602299761e-01
1.743045612659777754e+00 3.096766532900010471e+00 2.140969959486513918e-01
1.766201904030793912e+00 3.097380540466957211e+00 2.140969959491157149e-01
1.801877364660875447e+00 3.100781243848812707e+00 2.149952465984137917e-01
1.805209790240398959e+00 3.114302827755564884e+00 2.253087038330408576e-01
1.809383607096122004e+00 3.115732565718942304e+00 2.288004071972936926e-01
1.825714413060610886e+00 3.116818819734909152e+00 2.326135829823488543e-01
1.837524118070553936e+00 3.120100070864630482e+00 2.473167402526883774e-01
1.844389723664385805e+00 3.153337248812523530e+00 2.768004389563068490e-01
1.845226020304700176e+00 3.153773932318915563e+00 2.881612145930517732e-01
1.852131044040047136e+00 3.185865244810781594e+00 3.011920902789217980e-01
1.856246110802888483e+00 3.209982625611246920e+00 3.028634821484866291e-01
1.858558026516053063e+00 3.217916139902851302e+00 3.166065574316602182e-01
1.868775271241648550e+00 3.236481648534981215e+00 3.166832267810519297e-01
1.913578454918442029e+00 3.237187733558597014e+00 3.364013287446681044e-01
1.915491683826402225e+00 3.237382163477136032e+00 3.382211975268354376e-01
1.932887339395877646e+00 3.245709448144941778e+00 3.592435228533841229e-01
1.950314567331331794e+00 3.248978967938457529e+00 3.954322513787901228e-01
1.978398552129966070e+00 3.255734299955876487e+00 4.062859642003028293e-01
1.993959424251690704e+00 3.256649990006550865e+00 4.130740625198178750e-01
2.003343886201117030e+00 3.256649990006550865e+00 4.166993114502238194e-01
2.007103464528368075e+00 3.272311724906931563e+00 4.177564901401450426e-01
2.013689042914510008e+00 3.277775841692623704e+00 4.739995684869087733e-01
2.020808098494550897e+00 3.279067703427623659e+00 4.989501596791720561e-01
2.024318194109062663e+00 3.287446193472310707e+00 5.103069219965915559e-01
2.029258925933964175e+00 3.295857493958650686e+00 5.264452627302227405e-01
2.030070857610680957e+00 3.307382913767507926e+00 5.555871298321134466e-01
2.042102170415100115e+00 3.307382913767507926e+00 5.620176879499936273e-01
2.049778633261049254e+00 3.317075484366000193e+00 5.741015243625735565e-01
2.052373823592470892e+00 3.349985173890058121e+00 5.805234669146309701e-01
2.058947653995732541e+00 3.353149465167694299e+00 5.982132240762876307e-01
2.082367088042253123e+00 3.372534098300810523e+00 6.083771836814167999e-01
2.093843828063200796e+00 3.377189491167608359e+00 6.084097439751121605e-01
2.094025892613156525e+00 3.387075227238199648e+00 6.084207262576678543e-01
2.110389409041419029e+00 3.400102580149897857e+00 6.109524431516069054e-01
2.114799250461134594e+00 3.400717485681430841e+00 6.140434517845620999e-01
2.121802898187605813e+00 3.404586665851731642e+00 6.146697837715935364e-01
2.123742011708037225e+00 3.410408491351271998e+00 6.325468102445905849e-01
2.136484527303320835e+00 3.410408491351271998e+00 6.387891031300130251e-01
2.140922692753962409e+00 3.419986430135653510e+00 6.583477707343058372e-01
2.142729678223080914e+00 3.420157781162570299e+00 6.713692061834077851e-01
2.160573191354033806e+00 3.443491482594118747e+00 7.209957802655098114e-01
2.189461074256588535e+00 3.455711811235776754e+00 7.419853427232941945e-01
2.198533379931848941e+00 3.459191150828289985e+00 7.537931296620378196e-01
2.202580269640078914e+00 3.479871088468421636e+00 7.604818209880319646e-01
2.206139956747655173e+00 3.489070311835256621e+00 7.803170480925707420e-01
2.213901972150361441e+00 3.489070311835256621e+00 7.959434019549704864e-01
2.216268306684539446e+00 3.513492734455040623e+00 7.959434019549704864e-01
2.223291396851735602e+00 3.540719088779765489e+00 8.093433314750447805e-01
2.230274091734348652e+00 3.550407902023646756e+00 8.214356158841299438e-01
2.230764713459854498e+00 3.564052711884781122e+00 8.579942046649577936e-01
2.240240121982057353e+00 3.567443629930874494e+00 8.874338101769614351e-01
2.241189342386428862e+00 3.572395501714011434e+00 9.059208527983763082e-01
2.247031903259848917e+00 3.575643820243851856e+00 9.172641044917569930e-01
2.249098809221995676e+00 3.583494064511365096e+00 9.428909734841803836e-01
2.252397954833034177e+00 3.597105499756629854e+00 9.839059322845914446e-01
2.262454109358761123e+00 3.629071941227130171e+00 9.865215680661847397e-01
2.265618475542868548e+00 3.633859134973394855e+00 9.888296267557391550e-01
2.272178065091920551e+00 3.649059038499525176e+00 1.004202057018444449e+00
2.289537400076193663e+00 3.660776059363850532e+00 1.042824887154572444e+00
2.294021182959348870e+00 3.676657820477972738e+00 1.055086341038108610e+00
2.306753700062376566e+00 3.698569799779743761e+00 1.056257401345856772e+00
2.307940757044015356e+00 3.722538148621762133e+00 1.068546835212898394e+00
2.321439937941003340e+00 3.723325335005385650e+00 1.076069711568361953e+00
2.328472137173066780e+00 3.745403524541182083e+00 1.083577387458945829e+00
2.334360872810645304e+00 3.750527154109915440e+00 1.084157025232117988e+00
2.341516778658130349e+00 3.778083168725851593e+00 1.084157025232119320e+00
2.349669648346308204e+00 3.793497977770468488e+00 1.094542138433218570e+00
2.358638926500155719e+00 3.816831660695350514e+00 1.102049148064517814e+00
2.362723090724425656e+00 3.855651294595710432e+00 1.131703260560616764e+00
2.390652924418200875e+00 3.862098628550336699e+00 1.152784406398593031e+00
2.417385542486541361e+00 3.902317845102956984e+00 1.170451465231522992e+00
2.425183208663018508e+00 3.913154542424869486e+00 1.171250060562402773e+00
2.429069121437759993e+00 3.918085828650125890e+00 1.186879949270851276e+00
2.435812243556172429e+00 3.940773345066922229e+00 1.222156193590858475e+00
2.442702780732850520e+00 3.960529735274889163e+00 1.224024169562986986e+00
2.457983466214597179e+00 3.979207835891548584e+00 1.231977375418264797e+00
2.475125542741527962e+00 3.980168055144453820e+00 1.232963298693310561e+00
2.477719972085385081e+00 3.983863348926813153e+00 1.233131555952340808e+00
2.480124141754683098e+00 4.002409686011382917e+00 1.233464203815722415e+00
2.502926829824256405e+00 4.017103820902586442e+00 1.245963094706581842e+00
2.517668563366631584e+00 4.030725016158233309e+00 1.256894746551953324e+00
2.518154412744250337e+00 4.047055509216266778e+00 1.284312061635656033e+00
2.519457722855185988e+00 4.071913859957029480e+00 1.305835717931467022e+00
2.550571310333086483e+00 4.076085073719418972e+00 1.350117215829202300e+00
2.564344533115916036e+00 4.140591142623958554e+00 1.381158568696645217e+00
2.577208662467725286e+00 4.146770480002282433e+00 1.381163376629833683e+00
2.585374108106915703e+00 4.146770480002282433e+00 1.381551925027886485e+00
2.592594118975639184e+00 4.156532220652013443e+00 1.382661866157862240e+00
2.605100682924994082e+00 4.156662540469432621e+00 1.415802944001790298e+00
2.637171094734668930e+00 4.182316774868527709e+00 1.423889800397220684e+00
2.665748308914078990e+00 4.187627761941479676e+00 1.442327855644864876e+00
2.666846646752017769e+00 4.221056724328057896e+00 1.459151428483357993e+00
2.677502511501470117e+00 4.234467790438571910e+00 1.465335500558047954e+00
2.709891169569254910e+00 4.306828182919813841e+00 1.465654317809440110e+00
2.777803407126976598e+00 4.319069323072377564e+00 1.482276172987065710e+00
2.781993380864356880e+00 4.329206751520665364e+00 1.499151951710854247e+00
2.813909982533383314e+00 4.334053688818757522e+00 1.542472169063072496e+00
2.818454796331643308e+00 4.337938991175660952e+00 1.606561858963256428e+00
2.822624632497031882e+00 4.342110523421464308e+00 1.646523680567867132e+00
2.824327142305348204e+00 4.407721524007968128e+00 1.737034371310956393e+00
2.871854969241216526e+00 4.420385318721298695e+00 1.778709203992986154e+00
2.909717091444818493e+00 4.430776956594285387e+00 1.797102282727359945e+00
2.922275128226092811e+00 4.431054605714450645e+00 1.835227193734824125e+00
2.932259775714448846e+00 4.437103253748309051e+00 1.836858810413747545e+00
2.940533471786003439e+00 4.445872400619240494e+00 1.836927756631480779e+00
2.946024113097374553e+00 4.454110876340021008e+00 1.894470250137195055e+00
2.969001839647143814e+00 4.493329508371356695e+00 1.934831163727259051e+00
2.976759215735595543e+00 4.501054004574885248e+00 1.962519622469222291e+00
3.002985422501065926e+00 4.516823579847329739e+00 2.018402379455699336e+00
3.018013596207699489e+00 4.540156378720594965e+00 2.067544921960163595e+00
3.019005022669603910e+00 4.548025084091703363e+00 2.070867999350642918e+00
3.036182284143827292e+00 4.555672331349676973e+00 2.084754033577743471e+00
3.069656418452030966e+00 4.561911349012603978e+00 2.085193099613482648e+00
3.082640148977161765e+00 4.567194783286186777e+00 2.104498710779135973e+00
3.087174334319880753e+00 4.632537473392180694e+00 2.116659790065215763e+00
3.102713498647192036e+00 4.633329160034349137e+00 2.134629082400923306e+00
3.118502308521575284e+00 4.646530349972212370e+00 2.152179442792977238e+00
3.124992523184415116e+00 4.647102536118734584e+00 2.164381638411616127e+00
3.127947218622819658e+00 4.654436616004383964e+00 2.188846055173530925e+00
3.137421449688630570e+00 4.677252796844098448e+00 2.231875268244522648e+00
3.144654531017008203e+00 4.695641733010520014e+00 2.250196266208356555e+00
3.157590675773606748e+00 4.715447893602502383e+00 2.270985301627935549e+00
3.161385767364174981e+00 4.724437191661468027e+00 2.274330517409789199e+00
3.231037574145802616e+00 4.749083982784164881e+00 2.345765948387902977e+00
3.241157533597028628e+00 4.771136989119607819e+00 2.358601446275214730e+00
3.274152072308575523e+00 4.824040039706086525e+00 2.371379267594694085e+00
3.276051499554665902e+00 4.833325002378102475e+00 2.381674222235523608e+00
3.287357858115981468e+00 4.840971512825528400e+00 2.402821533912901764e+00
3.310441007018507076e+00 4.846496590870797760e+00 2.427983518522123685e+00
3.313292786358423392e+00 4.897716901181223825e+00 2.477240458511579924e+00
3.313635289679269125e+00 4.905639027257006290e+00 2.488842802492887696e+00
3.372802301407523018e+00 4.936661854358897372e+00 2.499419175913351499e+00
3.376641051134693594e+00 4.939830761068444431e+00 2.513518394703986303e+00
3.389268032259270758e+00 4.957250182936171257e+00 2.515258904511053384e+00
3.415593063889253767e+00 4.963164254804188324e+00 2.519624681546265066e+00
3.442837126492222399e+00 4.973735683178003519e+00 2.542870794767764231e+00
3.450427628703846672e+00 5.002269992525893549e+00 2.566983944346428625e+00
3.463944689408203548e+00 5.020434204108078724e+00 2.578747356794667045e+00
3.501904650563836263e+00 5.051107515564192241e+00 2.603442467670094906e+00
3.503164495675966439e+00 5.065435618038026000e+00 2.604231611305402705e+00
3.503918361749203569e+00 5.065435618038026000e+00 2.623338578368860308e+00
3.504437766699381118e+00 5.075754404606167114e+00 2.636605886573620605e+00
3.545005809956727649e+00 5.115645640802891414e+00 2.705237487260972795e+00
3.553019574563163641e+00 5.138970848094341903e+00 2.708078849450295866e+00
3.555208474014030617e+00 5.139193721127029768e+00 2.724677730720880486e+00
3.566519360456458010e+00 5.206536718123475183e+00 2.791855412830135830e+00
3.569105883489049891e+00 5.235895192320585423e+00 2.890141604704242084e+00
3.598038345573635333e+00 5.240140648912559485e+00 2.936081928156437648e+00
3.610701544268740459e+00 5.247713590203326284e+00 2.965897189469864248e+00
3.617931973198958762e+00 5.271291157537144834e+00 2.973061937184570791e+00
3.629412234933026227e+00 5.275453716128191139e+00 3.054003226468605892e+00
3.631166409237828852e+00 5.307651775847509690e+00 3.122183491525520438e+00
3.667536603436812204e+00 5.336501174130306779e+00 3.127289328052835771e+00
3.681826737048209619e+00 5.354320043996708911e+00 3.149170518447681921e+00
3.689456097595083417e+00 5.375796591702603600e+00 3.187048806077203089e+00
3.698083850502072778e+00 5.375796591702603600e+00 3.215248521060103837e+00
3.702317033016468528e+00 5.399036865526793072e+00 3.233355778480566212e+00
3.722620128284221952e+00 5.417099314308267743e+00 3.259478938346841659e+00
3.723812984306521745e+00 5.426803064217710748e+00 3.274164795765733160e+00
3.743790890274527605e+00 5.440400325687012817e+00 3.290730551498816325e+00
3.753989322945923579e+00 5.462355357334845785e+00 3.305170518744788843e+00
3.754207285422442641e+00 5.494291290593234400e+00 3.379628515584851556e+00
3.773296851149150033e+00 5.512340226744955274e+00 3.418765387325981564e+00
3.788114763481131853e+00 5.515894723840565561e+00 3.437392336668750215e+00
3.803276536691853504e+00 5.543467159861760862e+00 3.570151277317910488e+00
3.805204571752449638e+00 5.650431807229806758e+00 3.689026512951410375e+00
3.886806345196976320e+00 5.772560971922301221e+00 3.726737260994046785e+00
3.922557269931016943e+00 5.803384832379747671e+00 3.831166695144328838e+00
3.935237537276813580e+00 5.822527368005398607e+00 3.865546008058799998e+00
3.949957502112352081e+00 5.839007569734266490e+00 3.918352279710630270e+00
3.971290676255635255e+00 5.867815535211842182e+00 4.031375042783775342e+00
3.983362645210304809e+00 5.907065360489563766e+00 4.104423877391658593e+00
3.985221862551971750e+00 5.947706905837252478e+00 4.122268255324449626e+00
4.064471895980201310e+00 6.047096741230681971e+00 4.280991360481831265e+00
4.082671572460745857e+00 6.134371691725737819e+00 4.316553242042424188e+00
4.086782101924250732e+00 6.138780311939963319e+00 4.405348045861789963e+00
4.088483378324885287e+00 6.157705067276008748e+00 4.446069098610061054e+00
4.092690367095704218e+00 6.172433716799334391e+00 4.481512920029014246e+00
4.095114909924784996e+00 6.189008124386386811e+00 4.665988598198125281e+00
4.105864094755159677e+00 6.212308528413351461e+00 4.751246520858055433e+00
4.110289961339002929e+00 6.255666986485196368e+00 4.788498099173637002e+00
4.121161322017113271e+00 6.279880962822987023e+00 4.838796577284862011e+00
4.121929065965778349e+00 6.311120817388911952e+00 5.194729821664076042e+00
4.161035292619001069e+00 6.326548438835016164e+00 5.909147099203574172e+00
4.211375028000337473e+00 6.387330341512138077e+00 5.983650689924266075e+00
4.243769622892201276e+00 6.467063204742986571e+00 6.474556264426460039e+00
4.249743734375206472e+00 6.530838510792678520e+00 6.474556264426460039e+00
4.310240886355782841e+00 6.573845928135617633e+00 6.486489109575240164e+00
4.353452973836993145e+00 6.707791924595015942e+00 6.533150555205361698e+00
4.381558107869473417e+00 6.722320885192560880e+00 6.557170498494029331e+00
4.441447047278543891e+00 6.730994134855343702e+00 6.563786478237611632e+00
4.479656222300447688e+00 6.806686300510306431e+00 6.604416393565495369e+00
4.507531750694664829e+00 6.917666014515221562e+00 8.931323567261486573e+00
4.532148600957619955e+00 6.919991333796195576e+00 8.966390593290483935e+00
4.546130352066305669e+00 6.958963818644210875e+00 8.966591255433426610e+00
4.584978513511306808e+00 6.965850911299855674e+00 8.984297969333526979e+00
4.649194069208561153e+00 7.096555986713456221e+00 8.995686042314435582e+00
4.675665603010630278e+00 7.097060720750770102e+00 9.779672983851364521e+00
4.689304462254682448e+00 7.167060249817335027e+00 9.781515641920682569e+00
4.706243855952371824e+00 7.297305239423948819e+00 9.781515641920698556e+00
4.731503260900298713e+00 7.362447627711913078e+00 9.788242215951870051e+00
4.744402749808723563e+00 7.390636097292804685e+00 9.801984827747537210e+00
4.768817370177581338e+00 7.436666490026746068e+00 9.820526668202308684e+00
4.771027651276312120e+00 7.547833557541760996e+00 9.833790448692603547e+00
4.785775629557328159e+00 7.549179578251368206e+00 9.836395999834673276e+00
4.809087559052628080e+00 7.562144625802440956e+00 9.843822836275677446e+00
4.888549364226018490e+00 7.571167069929262361e+00 1.153625150345343187e+01
4.946148601318820504e+00 7.586561528948376321e+00 1.167087313307130536e+01
4.947423306680789779e+00 7.689989632747095349e+00 1.168604383787640977e+01
5.064800352057440058e+00 7.899120388073183285e+00 1.174498861228657631e+01
5.089226334686731690e+00 7.913756173504566505e+00 1.175249456150374527e+01
5.127141737602046945e+00 7.922509643895499387e+00 1.200001711794940995e+01
5.204179170144023203e+00 8.066646485526742794e+00 1.200001711794940995e+01
5.253721280724000131e+00 8.262294509340733839e+00 1.200001711794940995e+01
5.354591303312765227e+00 8.304223550951629562e+00 1.200001711794940995e+01
5.357811702573576973e+00 8.310391954710558693e+00 1.200001711794940995e+01
5.365803324913732908e+00 8.389988482607186882e+00 1.200001711794940995e+01
5.593211398487361485e+00 8.413320751311763601e+00 1.200001711794940995e+01
5.719433019321058964e+00 8.487166646217337629e+00 1.200001711794940995e+01
5.770180491991238725e+00 8.510500088441988353e+00 1.200001711794940995e+01
5.849091562014573142e+00 8.637086664625178045e+00 1.262107053746113827e+01
6.068138725068002337e+00 8.683752774915888040e+00 1.265781393420641798e+01
6.690479221029780099e+00 8.800394604245294516e+00 1.275459311060867584e+01
6.827805710230072656e+00 8.833393408613030573e+00 1.285658194890567962e+01
9.612167721723693603e+00 8.879986289073910299e+00 1.286030580467327589e+01
